1024
3
210
1
207
141
3935
96
864
212
107
217
24
108
10
204
19
157
14
153
10
130
14
168
9
97
15
225
10
221
15
190
10
61
13
74
14
94
13
3
15
245
13
155
15
218
15
180
9
235
9
62
13
24
13
232
11
100
10
252
10
182
9
21
12
49
10
122
11
151
14
194
10
80
12
79
12
244
10
226
11
107
13
231
14
115
13
202
14
17
10
172
13
45
9
178
15
117
11
181
14
123
9
120
15
85
12
105
15
78
9
102
11
193
10
98
9
243
14
111
10
139
15
13
15
136
14
58
9
37
15
95
10
230
13
113
10
162
14
186
10
60
13
25
11
28
9
206
13
242
11
156
10
236
9
55
15
27
14
22
14
86
9
112
12
233
15
12
9
66
9
104
14
175
11
224
15
116
11
142
14
46
9
150
15
171
9
48
15
132
11
246
10
165
12
127
15
2
15
143
12
137
13
138
10
134
13
249
13
229
14
47
12
174
9
184
9
41
12
110
14
135
12
248
9
11
14
26
11
238
10
222
14
51
13
99
11
160
14
73
14
152
12
56
9
82
15
163
13
188
15
159
11
52
9
173
12
36
13
191
9
121
13
145
14
76
10
183
15
199
15
84
15
81
9
253
10
31
10
129
13
40
10
205
10
88
13
201
13
63
11
196
11
254
9
208
13
203
13
72
14
140
10
213
9
200
13
42
12
247
11
6
9
43
14
7
15
209
12
64
11
70
11
154
10
67
11
124
10
89
10
148
14
197
10
207
11
101
13
93
14
133
9
147
13
68
15
149
10
91
11
103
10
54
15
255
10
158
12
10
10
32
9
71
11
53
15
223
10
219
10
69
12
35
14
177
14
164
12
161
12
215
13
4
14
126
15
170
10
211
9
44
11
189
14
146
15
57
10
59
12
30
11
8
11
14
14
109
12
237
9
195
15
20
15
39
13
33
10
2
249
2
14
2
225
4
4
4
4
3
113
1
1
9
9
2
212
3
193
1
1
214
11
2
105
3
32
4
1
1
16
12
4
2
48
4
3
86
1
1
50
13
3
132
4
3
136
2
102
2
230
2
78
4
2
163
2
242
3
122
3
130
1
2
227
13
1
12
3
196
1
2
144
12
196
9
3
26
2
62
3
177
2
88
1
1
65
14
2
140
1
1
167
15
4
3
51
4
4
1
1
228
17
2
60
3
150
4
4
3
42
1
1
179
23
2
89
2
147
2
102
4
4
1
1
92
13
3
164
4
4
1
1
241
9
4
2
60
3
21
4
1
1
169
9
4
2
9
2
161
3
12
3
59
2
20
3
138
1
1
5
9
4
2
179
2
159
1
2
59
9
125
9
4
3
148
1
1
29
13
3
214
1
1
177
15
3
89
4
3
218
1
1
106
12
4
2
30
1
1
89
10
4
4
2
40
3
102
1
1
214
9
4
4
3
237
3
211
3
182
1
1
239
10
3
33
1
1
237
11
4
2
61
2
115
4
2
177
2
105
2
4
3
173
1
2
138
11
187
10
3
44
3
10
2
65
3
253
2
202
3
144
3
159
2
101
1
1
182
9
1
1
18
15
1
1
220
15
3
195
4
2
239
3
30
2
242
4
3
115
2
65
3
7
3
233
2
207
2
168
4
3
125
2
160
3
74
4
4
4
2
95
4
1
7
211
29
193
11
233
10
130
32
164
10
122
17
10
13
2
225
4
3
110
2
221
2
109
2
155
3
60
2
229
2
223
1
1
144
11
4
4
4
4
1
1
44
13
2
233
2
66
2
152
4
2
172
4
4
3
225
4
3
70
4
3
246
2
105
4
4
4
4
4
3
4
2
161
1
1
70
42
4
1
1
60
21
4
2
201
2
255
3
93
3
175
1
1
150
9
4
2
171
2
212
1
1
136
10
3
22
2
186
2
17
1
1
218
10
2
215
3
140
4
3
163
3
247
4
1
2
23
31
234
12
2
220
3
116
3
168
1
1
75
14
3
193
4
1
1
51
9
3
64
3
218
2
186
3
231
4
2
191
1
4
251
14
198
11
102
15
176
9
2
144
2
144
4
3
45
1
1
195
12
4
4
3
43
1
1
74
9
3
239
4
2
95
1
1
38
9
2
142
2
65
4
3
66
1
1
87
11
4
2
162
3
8
1
1
90
10
4
4
3
146
1
1
240
10
2
56
2
36
2
72
4
4
4
4
4
2
20
2
153
2
68
2
251
2
67
4
2
176
3
201
4
2
139
1
1
8
13
3
194
3
101
1
1
218
10
3
169
4
4
1
2
246
13
231
12
4
4
3
135
4
1
1
185
13
2
196
4
3
240
4
1
1
140
12
4
2
185
3
29
4
2
211
1
1
116
15
3
16
2
232
1
1
148
13
4
3
134
2
207
4
2
141
3
248
1
1
201
15
4
3
10
2
94
1
1
114
15
1
1
132
12
3
156
2
205
4
3
3
3
37
2
155
1
1
45
9
4
3
198
2
48
4
1
3
175
15
37
14
135
12
3
65
4
2
47
2
226
4
1
1
29
10
2
35
2
23
3
246
2
211
4
4
3
60
4
1
2
247
23
131
11
4
3
141
1
45
193
2426
194
802
119
17
65
10
3
11
169
10
240
9
192
9
7
15
60
11
4
10
86
14
30
10
16
14
134
11
10
13
42
9
110
9
83
12
210
10
93
9
22
13
64
14
248
12
163
14
125
10
33
10
198
14
26
15
66
13
113
10
239
11
101
10
173
12
146
9
216
11
12
14
32
13
159
12
253
13
141
9
168
13
128
13
166
9
225
13
2
16
4
4
4
4
2
29
4
4
4
3
165
1
1
43
12
3
183
3
239
1
1
21
15
3
13
4
4
2
238
1
2
118
14
250
12
3
136
1
1
136
15
3
31
1
1
115
9
3
143
4
3
69
1
1
69
11
4
4
2
18
4
2
28
4
3
173
4
1
1
173
15
2
23
3
96
2
76
1
4
15
540
19
73
13
205
96
31
2
105
1
1
183
13
4
2
187
2
198
4
4
2
225
3
50
1
1
239
9
3
81
1
1
143
12
4
2
4
4
4
3
2
1
1
77
13
4
2
93
4
4
3
175
4
1
1
50
10
4
4
4
2
255
4
3
83
4
2
70
4
1
1
175
12
4
4
2
228
2
10
4
2
26
2
155
3
207
4
1
1
31
15
3
79
2
242
2
12
2
199
2
147
2
105
3
184
3
118
2
47
2
144
2
66
1
1
118
11
3
237
3
95
4
2
29
2
141
4
1
2
156
13
81
33
2
149
4
2
42
3
218
3
190
2
81
4
4
4
3
205
1
1
184
37
1
1
237
14
4
4
2
214
3
80
3
151
2
94
4
2
92
2
11
3
238
1
2
80
11
95
10
3
183
1
1
79
9
3
6
2
111
4
3
44
2
75
1
1
34
28
1
1
190
11
3
48
4
1
1
48
10
4
2
101
2
74
3
174
2
134
3
48
4
3
242
1
1
48
28
4
2
38
3
121
1
1
242
15
1
1
174
9
3
213
3
69
4
2
99
4
4
1
2
205
14
183
12
2
102
3
27
2
39
1
1
2
11
2
191
4
4
4
3
82
1
1
69
15
3
140
3
243
3
23
3
58
2
87
1
2
58
9
246
9
1
1
44
12
1
1
83
14
1
1
207
10
4
2
31
4
4
4
4
2
87
4
3
183
1
1
238
9
2
195
3
22
2
141
1
1
6
9
4
3
133
3
190
4
1
2
218
14
27
10
4
3
254
3
14
3
234
2
130
1
1
22
11
2
163
2
102
2
143
4
1
1
190
9
2
149
4
1
1
23
14
3
214
1
1
234
11
3
208
4
4
1
1
183
10
3
44
2
195
2
77
1
1
243
12
2
8
4
4
4
2
116
3
240
3
34
2
18
1
1
82
22
4
1
1
133
13
2
193
4
2
92
3
3
1
1
151
14
4
4
4
4
3
15
4
1
4
254
423
214
34
165
65
208
14
3
106
4
3
13
1
7
44
55
14
62
240
22
13
13
3
10
140
11
34
14
2
74
1
1
213
12
3
185
2
178
1
1
121
11
3
194
4
1
3
106
261
194
85
185
297
1
1
15
124
3
84
1
1
84
20
4
4
3
156
4
2
91
1
1
156
9
3
159
4
1
1
159
24
2
132
2
209
4
3
243
4
3
234
2
156
2
207
2
49
2
164
2
22
2
31
4
3
69
4
4
3
165
2
14
3
24
2
235
2
110
4
3
134
1
2
165
121
69
9
3
175
2
103
4
2
158
2
121
3
90
4
2
79
2
218
4
2
39
2
32
4
2
143
3
173
2
150
4
2
228
4
3
8
2
18
3
127
2
53
1
1
134
58
1
1
24
13
4
1
1
90
12
3
200
2
206
1
1
200
14
4
2
180
4
3
104
2
33
4
2
46
3
34
2
172
1
1
173
9
2
46
2
94
4
4
1
1
104
13
4
2
119
3
140
4
4
3
215
3
17
2
203
1
1
34
10
4
4
4
3
103
2
185
1
2
175
13
17
13
2
226
4
3
59
2
62
4
2
157
1
1
234
24
4
2
255
3
214
4
4
1
1
59
26
3
99
1
1
243
12
1
1
103
9
2
171
2
75
2
83
4
3
61
1
1
214
9
3
116
2
170
1
1
99
12
3
64
1
1
127
11
2
62
4
2
95
2
248
3
223
3
4
2
107
1
1
61
15
4
3
173
3
238
1
1
4
10
3
104
1
1
8
9
2
77
4
2
172
3
251
1
1
116
27
4
2
235
2
230
4
4
2
32
3
32
2
55
1
1
64
14
1
1
104
12
4
4
3
70
2
196
2
27
4
2
190
3
164
2
132
1
1
215
19
2
233
4
4
4
3
247
4
1
4
251
13
173
11
140
15
247
14
3
65
1
1
164
14
3
4
1
1
70
10
3
253
4
1
1
223
14
3
6
1
1
238
10
3
103
4
1
1
4
14
2
178
4
3
15
1
6
65
37
15
12
253
16
103
16
32
13
6
15
3
193
2
118
1
1
193
1622
4
2
248
3
148
2
254
3
21
3
153
3
29
1
3
21
79
29
58
148
20
4
1
1
153
345
2
92
2
190
3
93
1
1
93
23
2
204
2
225
3
161
2
93
1
1
161
240
3
108
2
88
1
1
108
23
3
245
3
252
1
2
245
25
252
17
4
3
225
1
1
225
37
3
103
2
177
3
171
4
2
203
2
184
2
87
4
2
206
1
1
103
63
4
1
1
171
17
3
118
1
1
118
15
4
4
3
236
4
1
1
236
14
3
105
1
1
105
15
3
43
3
91
4
3
232
1
1
43
11
1
2
91
30
232
12
4
2
208
4
3
102
1
1
102
12
4
2
99
3
81
1
1
81
22
4
2
73
4
3
56
3
24
4
1
2
56
28
24
10
4
2
4
4
4
4
4
3
97
4
3
209
4
3
250
1
2
97
13
209
11
3
96
1
2
96
10
250
10
4
2
134
2
187
2
203
4
3
184
2
26
4
4
3
147
1
1
147
35
4
4
1
1
184
17
4
4
4
3
137
4
1
1
137
10
2
189
3
147
1
1
147
32
2
119
4
2
24
4
2
121
2
187
4
4
4
4
3
118
1
1
118
15
4
4
3
221
3
57
2
187
1
1
57
13
1
1
221
12
4
4
4
3
251
1
1
251
11
3
97
3
104
2
55
2
28
3
120
2
83
3
132
3
39
2
6
4
4
1
5
120
18
132
14
97
9
39
13
104
11
4
2
166
3
220
1
1
220
13
3
125
4
1
1
125
11
4
4
4
2
226
3
172
3
7
2
101
1
1
172
11
4
2
153
4
3
4
3
137
1
1
7
20
3
221
3
12
1
1
221
15
2
157
2
56
2
248
3
154
1
1
154
13
3
176
1
1
12
15
3
79
1
1
137
14
2
165
2
190
4
3
56
4
3
41
4
1
5
41
29
4
12
56
11
79
14
176
14
4
3
118
4
4
3
249
3
105
4
4
2
69
3
90
3
191
2
23
2
100
2
204
2
252
2
241
3
120
2
128
3
76
3
136
2
25
3
225
4
2
100
2
176
1
4
249
114
225
19
118
14
90
12
3
216
4
4
4
2
245
3
248
2
184
3
30
2
222
4
1
2
191
25
120
14
3
159
1
1
216
11
4
4
3
31
2
21
4
2
100
2
223
3
231
3
200
4
2
27
2
143
3
66
1
2
136
33
31
15
3
84
2
218
3
184
4
3
1
1
3
105
30
1
14
231
11